4	1
6	1
63	1
86	1
141	1
487	1
27	2
410	2
18	3
396	3
451	3
6	4
63	4
80	4
86	4
379	4
384	4
424	4
487	4
6	5
8	5
13	5
17	5
19	5
21	5
29	5
33	5
63	5
84	5
90	5
131	5
313	5
338	5
343	5
353	5
362	5
365	5
379	5
384	5
390	5
391	5
401	5
403	5
411	5
418	5
423	5
424	5
427	5
435	5
445	5
451	5
454	5
466	5
472	5
475	5
477	5
482	5
487	5
488	5
490	5
521	5
529	5
540	5
13	6
63	6
80	6
86	6
90	6
313	6
379	6
384	6
487	6
20	7
23	7
25	7
41	7
60	7
64	7
65	7
70	7
77	7
78	7
112	7
115	7
133	7
134	7
143	7
187	7
281	7
282	7
283	7
290	7
292	7
294	7
295	7
297	7
299	7
303	7
310	7
312	7
314	7
315	7
317	7
352	7
358	7
370	7
413	7
421	7
447	7
483	7
522	7
528	7
12	8
13	8
17	8
29	8
33	8
84	8
90	8
313	8
338	8
353	8
362	8
379	8
384	8
391	8
403	8
411	8
418	8
423	8
424	8
427	8
445	8
451	8
454	8
466	8
482	8
487	8
490	8
520	8
540	8
10	9
11	9
14	9
15	9
16	9
26	9
36	9
37	9
38	9
40	9
43	9
44	9
45	9
46	9
47	9
48	9
49	9
50	9
51	9
53	9
55	9
56	9
92	9
93	9
94	9
95	9
96	9
97	9
98	9
99	9
100	9
102	9
103	9
104	9
106	9
107	9
108	9
110	9
118	9
119	9
120	9
121	9
124	9
125	9
127	9
129	9
132	9
135	9
137	9
139	9
140	9
148	9
152	9
165	9
180	9
182	9
188	9
193	9
212	9
236	9
237	9
242	9
263	9
277	9
278	9
280	9
289	9
291	9
298	9
301	9
302	9
304	9
306	9
307	9
308	9
309	9
316	9
318	9
319	9
320	9
326	9
331	9
332	9
335	9
340	9
342	9
354	9
369	9
375	9
376	9
394	9
398	9
407	9
417	9
441	9
450	9
453	9
459	9
463	9
464	9
465	9
469	9
481	9
493	9
494	9
497	9
501	9
524	9
526	9
539	9
543	9
544	9
545	9
546	9
547	9
548	9
552	9
557	9
558	9
560	9
11	10
15	10
16	10
36	10
46	10
49	10
50	10
96	10
139	10
301	10
302	10
306	10
308	10
316	10
524	10
544	10
15	11
16	11
26	11
36	11
37	11
43	11
46	11
47	11
48	11
50	11
51	11
56	11
92	11
93	11
94	11
95	11
96	11
97	11
106	11
118	11
119	11
120	11
127	11
132	11
140	11
148	11
180	11
188	11
193	11
263	11
277	11
291	11
298	11
301	11
302	11
308	11
309	11
316	11
318	11
326	11
375	11
417	11
422	11
439	11
463	11
494	11
498	11
539	11
544	11
546	11
17	13
29	13
33	13
84	13
90	13
177	13
313	13
338	13
379	13
384	13
391	13
403	13
411	13
423	13
427	13
445	13
482	13
487	13
529	13
540	13
15	14
16	14
46	14
94	14
106	14
127	14
152	14
193	14
301	14
302	14
306	14
316	14
319	14
335	14
354	14
369	14
494	14
518	14
524	14
544	14
545	14
546	14
548	14
16	15
26	15
36	15
37	15
38	15
43	15
44	15
45	15
46	15
47	15
48	15
49	15
50	15
51	15
53	15
56	15
92	15
93	15
94	15
95	15
96	15
97	15
98	15
99	15
100	15
102	15
104	15
105	15
106	15
107	15
108	15
109	15
110	15
118	15
119	15
120	15
121	15
127	15
132	15
137	15
139	15
140	15
165	15
188	15
193	15
237	15
242	15
263	15
277	15
278	15
280	15
289	15
291	15
298	15
301	15
302	15
304	15
306	15
307	15
308	15
309	15
316	15
318	15
319	15
320	15
326	15
332	15
335	15
340	15
356	15
369	15
412	15
417	15
419	15
441	15
453	15
459	15
463	15
464	15
465	15
469	15
481	15
493	15
494	15
497	15
501	15
518	15
524	15
539	15
543	15
544	15
545	15
546	15
547	15
548	15
560	15
26	16
36	16
37	16
38	16
43	16
44	16
45	16
46	16
48	16
49	16
50	16
51	16
53	16
95	16
96	16
97	16
98	16
100	16
106	16
107	16
108	16
120	16
125	16
127	16
129	16
139	16
140	16
188	16
193	16
242	16
277	16
278	16
298	16
301	16
302	16
304	16
306	16
308	16
316	16
318	16
319	16
320	16
322	16
331	16
335	16
340	16
354	16
369	16
444	16
453	16
459	16
465	16
477	16
518	16
524	16
539	16
544	16
545	16
546	16
547	16
560	16
90	17
313	17
338	17
353	17
384	17
403	17
423	17
424	17
427	17
445	17
482	17
87	18
111	18
357	18
361	18
382	18
396	18
408	18
426	18
84	19
90	19
141	19
313	19
362	19
365	19
371	19
384	19
391	19
401	19
403	19
423	19
427	19
435	19
445	19
454	19
466	19
476	19
482	19
487	19
488	19
490	19
540	19
23	20
25	20
41	20
60	20
62	20
64	20
65	20
70	20
77	20
78	20
112	20
115	20
116	20
117	20
122	20
133	20
134	20
142	20
143	20
187	20
281	20
282	20
283	20
290	20
292	20
294	20
295	20
296	20
297	20
299	20
303	20
310	20
311	20
312	20
314	20
315	20
317	20
321	20
341	20
358	20
359	20
367	20
370	20
374	20
385	20
406	20
413	20
421	20
447	20
483	20
522	20
29	21
313	21
343	21
405	21
477	21
488	21
176	22
234	22
236	22
25	23
39	23
41	23
64	23
65	23
69	23
70	23
77	23
78	23
112	23
115	23
116	23
117	23
133	23
134	23
143	23
187	23
282	23
283	23
288	23
290	23
292	23
294	23
295	23
297	23
299	23
303	23
310	23
311	23
312	23
314	23
315	23
317	23
321	23
358	23
359	23
362	23
367	23
370	23
374	23
385	23
406	23
413	23
421	23
447	23
456	23
483	23
492	23
25	24
112	24
292	24
41	25
60	25
62	25
64	25
65	25
66	25
70	25
76	25
77	25
78	25
112	25
115	25
117	25
122	25
133	25
134	25
142	25
143	25
187	25
281	25
282	25
283	25
285	25
288	25
290	25
292	25
293	25
294	25
295	25
297	25
299	25
303	25
311	25
312	25
314	25
315	25
317	25
352	25
358	25
359	25
367	25
370	25
385	25
388	25
413	25
421	25
444	25
447	25
536	25
36	26
37	26
43	26
44	26
45	26
46	26
47	26
48	26
49	26
50	26
51	26
53	26
55	26
56	26
92	26
94	26
95	26
96	26
97	26
98	26
99	26
100	26
102	26
103	26
105	26
106	26
107	26
108	26
119	26
120	26
121	26
127	26
129	26
132	26
137	26
139	26
140	26
165	26
180	26
188	26
193	26
212	26
236	26
242	26
255	26
277	26
278	26
280	26
289	26
298	26
301	26
302	26
304	26
305	26
308	26
309	26
316	26
318	26
319	26
320	26
326	26
332	26
335	26
412	26
493	26
498	26
544	26
545	26
546	26
547	26
548	26
560	26
29	28
84	29
313	29
343	29
380	29
391	29
403	29
405	29
418	29
424	29
442	29
451	29
472	29
475	29
476	29
477	29
488	29
529	29
551	29
126	30
444	30
426	31
63	32
378	32
529	32
84	33
313	33
353	33
362	33
379	33
384	33
391	33
411	33
454	33
466	33
487	33
488	33
131	34
475	34
323	35
37	36
43	36
44	36
45	36
46	36
47	36
48	36
50	36
51	36
53	36
55	36
94	36
95	36
96	36
97	36
98	36
99	36
100	36
102	36
103	36
104	36
106	36
107	36
108	36
109	36
119	36
120	36
125	36
127	36
129	36
132	36
139	36
140	36
165	36
180	36
188	36
193	36
237	36
242	36
263	36
278	36
289	36
291	36
298	36
301	36
302	36
304	36
308	36
316	36
319	36
320	36
326	36
332	36
340	36
417	36
422	36
453	36
463	36
493	36
494	36
497	36
518	36
539	36
544	36
545	36
546	36
560	36
38	37
43	37
44	37
45	37
46	37
48	37
49	37
50	37
51	37
53	37
92	37
93	37
94	37
95	37
96	37
97	37
98	37
99	37
102	37
106	37
107	37
108	37
109	37
110	37
119	37
120	37
124	37
127	37
129	37
132	37
139	37
186	37
188	37
193	37
212	37
237	37
242	37
263	37
277	37
278	37
291	37
298	37
301	37
302	37
304	37
306	37
307	37
308	37
309	37
316	37
318	37
319	37
320	37
326	37
331	37
335	37
340	37
369	37
376	37
394	37
419	37
441	37
453	37
459	37
463	37
464	37
469	37
480	37
481	37
494	37
501	37
539	37
543	37
544	37
545	37
546	37
547	37
548	37
557	37
560	37
43	38
46	38
47	38
48	38
94	38
96	38
98	38
99	38
100	38
102	38
104	38
107	38
109	38
119	38
120	38
127	38
129	38
132	38
139	38
140	38
212	38
237	38
242	38
263	38
291	38
298	38
301	38
302	38
304	38
307	38
308	38
309	38
316	38
319	38
320	38
326	38
340	38
369	38
394	38
419	38
450	38
453	38
463	38
494	38
526	38
539	38
543	38
544	38
546	38
548	38
552	38
41	39
64	39
65	39
66	39
69	39
70	39
77	39
78	39
112	39
115	39
116	39
117	39
122	39
133	39
134	39
142	39
187	39
282	39
283	39
284	39
290	39
294	39
295	39
296	39
297	39
299	39
310	39
314	39
315	39
321	39
322	39
370	39
374	39
406	39
421	39
447	39
470	39
483	39
522	39
536	39
42	40
43	40
47	40
48	40
51	40
53	40
92	40
107	40
118	40
119	40
127	40
132	40
140	40
152	40
236	40
237	40
242	40
280	40
289	40
298	40
308	40
316	40
319	40
326	40
340	40
356	40
394	40
463	40
469	40
478	40
480	40
481	40
494	40
545	40
547	40
548	40
557	40
64	41
65	41
70	41
78	41
112	41
115	41
133	41
134	41
143	41
187	41
281	41
282	41
283	41
290	41
292	41
294	41
297	41
299	41
303	41
310	41
312	41
314	41
315	41
317	41
370	41
374	41
421	41
447	41
522	41
46	42
49	42
105	42
118	42
139	42
186	42
236	42
280	42
298	42
354	42
407	42
412	42
525	42
548	42
44	43
45	43
46	43
48	43
50	43
51	43
53	43
55	43
92	43
93	43
94	43
95	43
97	43
98	43
99	43
100	43
102	43
103	43
107	43
108	43
109	43
110	43
118	43
119	43
121	43
125	43
127	43
129	43
132	43
140	43
152	43
165	43
186	43
188	43
193	43
237	43
242	43
274	43
277	43
278	43
280	43
289	43
291	43
298	43
301	43
302	43
304	43
306	43
307	43
309	43
316	43
318	43
319	43
320	43
326	43
331	43
332	43
335	43
340	43
369	43
375	43
398	43
407	43
412	43
419	43
441	43
443	43
450	43
453	43
459	43
463	43
469	43
481	43
493	43
494	43
518	43
526	43
539	43
543	43
545	43
546	43
547	43
548	43
552	43
557	43
560	43
46	44
48	44
49	44
50	44
51	44
53	44
95	44
96	44
97	44
102	44
107	44
127	44
129	44
132	44
135	44
139	44
140	44
152	44
237	44
242	44
263	44
289	44
298	44
301	44
302	44
304	44
305	44
316	44
326	44
398	44
412	44
453	44
539	44
544	44
545	44
546	44
548	44
46	45
47	45
49	45
50	45
51	45
53	45
55	45
93	45
95	45
97	45
106	45
107	45
119	45
120	45
121	45
127	45
132	45
180	45
188	45
193	45
242	45
263	45
298	45
301	45
302	45
306	45
316	45
320	45
340	45
441	45
463	45
47	46
48	46
49	46
50	46
51	46
53	46
55	46
56	46
92	46
93	46
94	46
95	46
96	46
97	46
98	46
99	46
100	46
102	46
103	46
104	46
105	46
106	46
107	46
108	46
109	46
110	46
118	46
119	46
120	46
121	46
127	46
129	46
132	46
135	46
136	46
137	46
139	46
140	46
165	46
179	46
180	46
181	46
186	46
188	46
193	46
198	46
225	46
230	46
237	46
242	46
263	46
277	46
278	46
280	46
289	46
291	46
298	46
301	46
302	46
304	46
306	46
307	46
308	46
309	46
316	46
318	46
319	46
320	46
326	46
332	46
335	46
340	46
354	46
394	46
398	46
412	46
419	46
422	46
439	46
441	46
450	46
453	46
463	46
469	46
478	46
493	46
494	46
496	46
497	46
498	46
501	46
518	46
524	46
525	46
526	46
539	46
543	46
544	46
545	46
546	46
547	46
548	46
559	46
560	46
49	47
50	47
51	47
53	47
55	47
56	47
92	47
93	47
95	47
96	47
97	47
99	47
100	47
102	47
103	47
104	47
106	47
107	47
109	47
118	47
119	47
121	47
127	47
132	47
140	47
152	47
165	47
180	47
188	47
193	47
197	47
210	47
212	47
237	47
242	47
255	47
263	47
278	47
280	47
289	47
298	47
301	47
302	47
304	47
306	47
316	47
319	47
320	47
326	47
332	47
340	47
369	47
375	47
417	47
443	47
449	47
453	47
459	47
463	47
469	47
481	47
494	47
498	47
501	47
518	47
524	47
539	47
543	47
544	47
546	47
547	47
548	47
560	47
49	48
50	48
51	48
53	48
92	48
93	48
94	48
95	48
96	48
97	48
98	48
99	48
100	48
101	48
102	48
104	48
106	48
107	48
108	48
110	48
119	48
120	48
124	48
127	48
129	48
132	48
139	48
140	48
188	48
193	48
210	48
212	48
237	48
242	48
263	48
291	48
298	48
301	48
302	48
304	48
307	48
308	48
309	48
316	48
319	48
320	48
326	48
331	48
335	48
340	48
369	48
376	48
394	48
419	48
441	48
450	48
453	48
463	48
469	48
481	48
501	48
539	48
543	48
544	48
545	48
546	48
547	48
548	48
552	48
557	48
560	48
50	49
51	49
52	49
53	49
94	49
95	49
96	49
97	49
98	49
99	49
104	49
105	49
106	49
107	49
108	49
109	49
118	49
119	49
120	49
121	49
127	49
132	49
136	49
137	49
139	49
165	49
186	49
188	49
193	49
242	49
277	49
291	49
301	49
302	49
304	49
306	49
308	49
309	49
316	49
318	49
320	49
331	49
335	49
340	49
376	49
394	49
407	49
450	49
459	49
463	49
464	49
478	49
481	49
493	49
494	49
497	49
525	49
544	49
545	49
548	49
557	49
559	49
560	49
51	50
53	50
55	50
56	50
92	50
93	50
94	50
95	50
96	50
97	50
98	50
99	50
100	50
102	50
104	50
105	50
106	50
107	50
108	50
110	50
118	50
119	50
120	50
121	50
125	50
127	50
129	50
132	50
135	50
137	50
139	50
140	50
165	50
179	50
180	50
188	50
193	50
198	50
212	50
236	50
255	50
263	50
277	50
278	50
280	50
291	50
298	50
301	50
302	50
304	50
305	50
306	50
308	50
309	50
316	50
318	50
319	50
320	50
326	50
331	50
332	50
335	50
340	50
349	50
354	50
412	50
419	50
439	50
441	50
443	50
463	50
469	50
489	50
493	50
496	50
497	50
518	50
539	50
544	50
545	50
546	50
547	50
548	50
557	50
559	50
560	50
53	51
92	51
94	51
95	51
96	51
97	51
98	51
99	51
102	51
104	51
106	51
107	51
108	51
118	51
119	51
120	51
125	51
127	51
129	51
132	51
139	51
140	51
152	51
180	51
188	51
193	51
237	51
242	51
263	51
277	51
278	51
291	51
298	51
301	51
302	51
304	51
306	51
307	51
308	51
309	51
316	51
318	51
319	51
320	51
326	51
335	51
340	51
356	51
369	51
441	51
463	51
469	51
478	51
481	51
494	51
501	51
524	51
526	51
539	51
543	51
544	51
545	51
546	51
547	51
548	51
557	51
558	51
560	51
53	52
55	52
95	52
104	52
109	52
110	52
120	52
121	52
135	52
136	52
137	52
256	52
274	52
277	52
320	52
327	52
412	52
419	52
481	52
493	52
494	52
497	52
526	52
548	52
559	52
55	53
56	53
94	53
95	53
96	53
97	53
98	53
99	53
100	53
103	53
104	53
105	53
107	53
108	53
109	53
110	53
118	53
119	53
120	53
121	53
127	53
129	53
132	53
135	53
137	53
139	53
140	53
165	53
180	53
186	53
188	53
193	53
212	53
225	53
236	53
237	53
242	53
255	53
256	53
263	53
268	53
274	53
277	53
278	53
280	53
289	53
291	53
298	53
301	53
302	53
304	53
306	53
316	53
319	53
320	53
326	53
327	53
340	53
356	53
369	53
394	53
398	53
407	53
412	53
417	53
419	53
422	53
441	53
443	53
453	53
463	53
464	53
469	53
474	53
481	53
493	53
494	53
495	53
497	53
498	53
501	53
518	53
524	53
526	53
539	53
543	53
545	53
546	53
547	53
548	53
552	53
557	53
560	53
140	54
334	54
541	54
94	55
96	55
97	55
99	55
102	55
103	55
104	55
107	55
108	55
109	55
110	55
121	55
127	55
132	55
135	55
136	55
139	55
165	55
180	55
230	55
255	55
268	55
277	55
278	55
280	55
298	55
302	55
304	55
305	55
308	55
316	55
319	55
320	55
327	55
331	55
340	55
375	55
394	55
398	55
419	55
450	55
474	55
493	55
494	55
496	55
497	55
518	55
526	55
539	55
547	55
548	55
557	55
560	55
95	56
97	56
104	56
105	56
106	56
107	56
108	56
118	56
119	56
124	56
127	56
132	56
136	56
139	56
140	56
165	56
180	56
186	56
193	56
231	56
277	56
289	56
298	56
301	56
302	56
316	56
349	56
356	56
394	56
407	56
412	56
497	56
498	56
547	56
379	57
487	57
71	58
74	58
81	58
79	59
414	59
537	59
542	59
61	60
67	60
112	60
113	60
134	60
143	60
281	60
283	60
292	60
303	60
317	60
352	60
358	60
367	60
374	60
483	60
67	61
68	61
72	61
112	61
64	62
66	62
69	62
76	62
77	62
78	62
112	62
117	62
133	62
134	62
143	62
283	62
290	62
292	62
294	62
295	62
303	62
311	62
312	62
317	62
358	62
367	62
370	62
374	62
385	62
447	62
80	63
86	63
313	63
344	63
348	63
353	63
365	63
374	63
377	63
379	63
384	63
409	63
424	63
473	63
479	63
482	63
487	63
490	63
529	63
533	63
65	64
69	64
76	64
77	64
78	64
133	64
134	64
143	64
187	64
282	64
283	64
290	64
292	64
294	64
297	64
299	64
303	64
312	64
314	64
315	64
317	64
358	64
370	64
385	64
421	64
447	64
69	65
70	65
77	65
78	65
112	65
115	65
122	65
133	65
134	65
143	65
187	65
281	65
282	65
283	65
288	65
290	65
292	65
294	65
295	65
296	65
297	65
299	65
303	65
310	65
311	65
312	65
314	65
315	65
317	65
358	65
367	65
370	65
374	65
406	65
413	65
421	65
447	65
483	65
522	65
528	65
70	66
74	66
76	66
77	66
78	66
79	66
81	66
112	66
116	66
117	66
122	66
142	66
281	66
283	66
293	66
311	66
312	66
315	66
358	66
367	66
370	66
374	66
483	66
522	66
527	66
536	66
68	67
72	67
73	67
76	67
112	67
350	67
350	68
77	69
78	69
83	69
112	69
187	69
290	69
315	69
370	69
447	69
456	69
522	69
78	70
115	70
133	70
143	70
187	70
282	70
283	70
288	70
292	70
297	70
299	70
303	70
315	70
362	70
370	70
413	70
447	70
532	70
74	71
79	71
81	71
344	71
73	72
79	74
81	74
485	74
344	75
112	76
117	76
133	76
134	76
142	76
283	76
292	76
293	76
294	76
295	76
296	76
299	76
303	76
311	76
312	76
315	76
317	76
358	76
367	76
385	76
444	76
447	76
536	76
78	77
112	77
116	77
122	77
133	77
142	77
143	77
187	77
282	77
283	77
288	77
294	77
295	77
296	77
297	77
299	77
303	77
311	77
314	77
315	77
317	77
321	77
370	77
385	77
406	77
413	77
421	77
447	77
483	77
527	77
536	77
112	78
115	78
116	78
117	78
122	78
133	78
134	78
142	78
143	78
187	78
281	78
282	78
283	78
288	78
290	78
292	78
293	78
294	78
295	78
296	78
297	78
299	78
303	78
310	78
311	78
312	78
314	78
315	78
317	78
321	78
358	78
359	78
367	78
370	78
374	78
385	78
406	78
413	78
421	78
447	78
483	78
522	78
536	78
81	79
414	79
485	79
537	79
538	79
86	80
296	80
313	80
384	80
487	80
344	81
485	81
537	81
337	82
537	82
86	84
313	84
353	84
362	84
365	84
371	84
379	84
384	84
390	84
411	84
424	84
427	84
445	84
454	84
466	84
482	84
487	84
488	84
490	84
540	84
199	85
512	85
190	86
378	86
379	86
384	86
422	86
424	86
487	86
361	87
382	87
396	87
408	87
89	88
148	88
347	88
176	89
234	89
236	89
347	89
499	89
313	90
338	90
384	90
391	90
403	90
427	90
445	90
454	90
466	90
482	90
487	90
490	90
169	91
222	91
517	91
550	91
93	92
94	92
95	92
97	92
99	92
100	92
102	92
103	92
104	92
107	92
108	92
109	92
110	92
119	92
120	92
127	92
129	92
132	92
139	92
180	92
186	92
193	92
210	92
237	92
242	92
263	92
291	92
298	92
301	92
302	92
304	92
306	92
308	92
309	92
316	92
319	92
320	92
326	92
340	92
394	92
412	92
419	92
453	92
463	92
464	92
469	92
493	92
494	92
497	92
518	92
543	92
545	92
546	92
547	92
552	92
557	92
95	93
96	93
97	93
98	93
101	93
103	93
104	93
109	93
119	93
120	93
127	93
132	93
139	93
188	93
193	93
291	93
298	93
301	93
302	93
304	93
306	93
308	93
316	93
318	93
320	93
326	93
327	93
340	93
369	93
453	93
463	93
494	93
501	93
539	93
544	93
546	93
95	94
96	94
97	94
98	94
99	94
100	94
101	94
104	94
105	94
106	94
107	94
108	94
110	94
118	94
119	94
120	94
124	94
127	94
129	94
132	94
135	94
137	94
139	94
165	94
188	94
193	94
212	94
242	94
255	94
256	94
263	94
274	94
277	94
278	94
291	94
301	94
302	94
304	94
308	94
309	94
316	94
318	94
319	94
320	94
326	94
327	94
331	94
335	94
340	94
369	94
394	94
398	94
412	94
419	94
430	94
463	94
464	94
465	94
493	94
496	94
498	94
501	94
525	94
539	94
543	94
544	94
545	94
546	94
548	94
560	94
96	95
97	95
98	95
99	95
100	95
102	95
103	95
106	95
107	95
108	95
118	95
119	95
120	95
121	95
125	95
127	95
129	95
132	95
135	95
139	95
140	95
180	95
186	95
188	95
193	95
242	95
263	95
268	95
277	95
278	95
291	95
298	95
301	95
302	95
304	95
305	95
306	95
307	95
308	95
309	95
316	95
318	95
319	95
320	95
326	95
331	95
335	95
340	95
349	95
354	95
355	95
369	95
376	95
394	95
419	95
441	95
453	95
459	95
463	95
464	95
469	95
493	95
494	95
496	95
497	95
498	95
518	95
539	95
544	95
545	95
546	95
547	95
548	95
559	95
560	95
97	96
98	96
99	96
100	96
101	96
102	96
104	96
106	96
107	96
110	96
119	96
120	96
124	96
127	96
129	96
132	96
140	96
188	96
193	96
212	96
237	96
242	96
263	96
277	96
278	96
280	96
291	96
298	96
301	96
302	96
304	96
306	96
307	96
308	96
309	96
316	96
318	96
319	96
320	96
326	96
335	96
340	96
356	96
369	96
376	96
394	96
407	96
417	96
450	96
453	96
463	96
464	96
478	96
480	96
481	96
493	96
494	96
539	96
543	96
544	96
545	96
546	96
547	96
548	96
552	96
558	96
560	96
98	97
99	97
100	97
102	97
103	97
104	97
106	97
107	97
108	97
109	97
110	97
119	97
120	97
121	97
127	97
129	97
132	97
135	97
139	97
140	97
180	97
186	97
188	97
193	97
242	97
256	97
263	97
278	97
280	97
289	97
291	97
298	97
301	97
302	97
304	97
305	97
306	97
307	97
308	97
309	97
316	97
318	97
319	97
320	97
326	97
332	97
335	97
340	97
419	97
441	97
453	97
463	97
478	97
481	97
493	97
494	97
496	97
497	97
518	97
539	97
544	97
545	97
546	97
547	97
548	97
557	97
559	97
560	97
100	98
102	98
105	98
107	98
108	98
118	98
119	98
120	98
125	98
127	98
129	98
132	98
135	98
137	98
139	98
188	98
193	98
236	98
242	98
249	98
263	98
277	98
278	98
301	98
302	98
304	98
305	98
316	98
319	98
320	98
332	98
335	98
340	98
369	98
417	98
450	98
463	98
478	98
494	98
498	98
524	98
525	98
539	98
544	98
545	98
546	98
547	98
560	98
100	99
102	99
103	99
104	99
107	99
108	99
110	99
118	99
119	99
120	99
121	99
124	99
127	99
129	99
132	99
135	99
136	99
140	99
188	99
237	99
242	99
263	99
268	99
291	99
298	99
301	99
302	99
304	99
307	99
308	99
309	99
316	99
319	99
320	99
326	99
332	99
349	99
356	99
376	99
394	99
407	99
419	99
439	99
441	99
443	99
450	99
453	99
463	99
469	99
481	99
494	99
497	99
501	99
513	99
526	99
543	99
544	99
545	99
547	99
548	99
552	99
557	99
558	99
560	99
102	100
105	100
108	100
118	100
119	100
120	100
127	100
129	100
132	100
137	100
139	100
140	100
212	100
242	100
255	100
256	100
263	100
274	100
277	100
291	100
301	100
302	100
304	100
308	100
316	100
318	100
319	100
320	100
326	100
327	100
331	100
335	100
356	100
407	100
412	100
422	100
441	100
450	100
453	100
463	100
465	100
498	100
525	100
539	100
544	100
545	100
546	100
547	100
548	100
560	100
127	101
139	101
140	101
301	101
306	101
308	101
453	101
546	101
560	101
104	102
107	102
108	102
109	102
110	102
119	102
120	102
125	102
129	102
132	102
137	102
139	102
140	102
188	102
193	102
210	102
237	102
242	102
263	102
280	102
289	102
291	102
298	102
301	102
302	102
304	102
306	102
307	102
308	102
309	102
319	102
320	102
326	102
356	102
369	102
394	102
417	102
441	102
443	102
450	102
453	102
463	102
469	102
481	102
501	102
543	102
544	102
545	102
546	102
547	102
548	102
558	102
560	102
104	103
109	103
110	103
119	103
120	103
121	103
127	103
180	103
186	103
242	103
301	103
302	103
306	103
316	103
375	103
419	103
443	103
493	103
494	103
497	103
518	103
548	103
107	104
109	104
110	104
119	104
120	104
121	104
125	104
127	104
129	104
132	104
135	104
136	104
137	104
139	104
140	104
188	104
193	104
242	104
255	104
256	104
268	104
274	104
277	104
278	104
298	104
301	104
302	104
304	104
316	104
320	104
326	104
327	104
340	104
356	104
375	104
394	104
398	104
407	104
412	104
417	104
422	104
450	104
463	104
464	104
469	104
474	104
481	104
493	104
494	104
497	104
498	104
526	104
539	104
544	104
545	104
547	104
548	104
552	104
557	104
558	104
559	104
560	104
118	105
124	105
135	105
139	105
152	105
165	105
242	105
256	105
279	105
298	105
301	105
304	105
316	105
327	105
331	105
335	105
349	105
356	105
478	105
526	105
548	105
560	105
107	106
108	106
109	106
120	106
127	106
132	106
135	106
139	106
140	106
188	106
193	106
255	106
263	106
277	106
289	106
291	106
302	106
305	106
308	106
316	106
318	106
320	106
332	106
335	106
463	106
493	106
524	106
544	106
545	106
546	106
548	106
560	106
108	107
109	107
110	107
119	107
120	107
121	107
124	107
127	107
129	107
132	107
139	107
140	107
180	107
186	107
188	107
193	107
237	107
242	107
263	107
278	107
280	107
291	107
298	107
301	107
302	107
304	107
307	107
308	107
309	107
316	107
318	107
319	107
320	107
326	107
331	107
335	107
340	107
356	107
369	107
376	107
394	107
417	107
419	107
441	107
443	107
450	107
453	107
463	107
469	107
480	107
481	107
494	107
497	107
501	107
526	107
539	107
543	107
544	107
545	107
546	107
547	107
548	107
552	107
557	107
560	107
109	108
119	108
120	108
121	108
124	108
127	108
129	108
132	108
139	108
140	108
186	108
188	108
237	108
242	108
263	108
277	108
291	108
298	108
301	108
302	108
304	108
307	108
308	108
309	108
316	108
318	108
320	108
326	108
340	108
369	108
376	108
412	108
441	108
450	108
459	108
463	108
494	108
497	108
501	108
513	108
518	108
524	108
539	108
543	108
544	108
546	108
547	108
548	108
557	108
560	108
110	109
118	109
119	109
121	109
127	109
132	109
135	109
136	109
137	109
165	109
237	109
242	109
255	109
256	109
268	109
274	109
277	109
302	109
309	109
316	109
320	109
340	109
355	109
375	109
394	109
398	109
412	109
419	109
422	109
430	109
439	109
443	109
463	109
464	109
469	109
474	109
493	109
494	109
495	109
496	109
497	109
498	109
518	109
526	109
546	109
547	109
548	109
552	109
557	109
559	109
119	110
120	110
121	110
124	110
129	110
132	110
135	110
136	110
137	110
139	110
140	110
186	110
242	110
255	110
256	110
268	110
274	110
277	110
291	110
301	110
302	110
307	110
308	110
309	110
320	110
326	110
327	110
340	110
356	110
369	110
394	110
412	110
419	110
443	110
450	110
463	110
464	110
469	110
474	110
478	110
481	110
493	110
494	110
497	110
498	110
513	110
523	110
525	110
526	110
539	110
545	110
546	110
547	110
548	110
552	110
557	110
559	110
113	112
114	112
115	112
116	112
117	112
122	112
123	112
126	112
133	112
134	112
138	112
142	112
143	112
187	112
281	112
282	112
283	112
284	112
285	112
288	112
292	112
293	112
294	112
295	112
296	112
297	112
299	112
303	112
310	112
311	112
312	112
314	112
315	112
317	112
321	112
322	112
323	112
344	112
352	112
358	112
359	112
367	112
374	112
385	112
388	112
413	112
421	112
444	112
447	112
470	112
483	112
492	112
522	112
536	112
115	113
138	113
281	113
283	113
367	113
535	113
115	114
344	114
117	115
133	115
134	115
143	115
187	115
281	115
283	115
288	115
290	115
292	115
294	115
296	115
297	115
299	115
303	115
312	115
314	115
315	115
317	115
321	115
344	115
358	115
367	115
370	115
374	115
421	115
447	115
483	115
522	115
117	116
122	116
134	116
142	116
283	116
288	116
295	116
296	116
299	116
311	116
315	116
359	116
370	116
413	116
447	116
483	116
536	116
122	117
133	117
134	117
142	117
281	117
283	117
285	117
292	117
293	117
294	117
295	117
296	117
297	117
299	117
303	117
310	117
311	117
312	117
315	117
317	117
358	117
367	117
370	117
413	117
444	117
447	117
522	117
536	117
119	118
124	118
127	118
129	118
132	118
139	118
152	118
165	118
180	118
186	118
230	118
231	118
236	118
255	118
256	118
280	118
289	118
298	118
301	118
302	118
304	118
308	118
316	118
318	118
327	118
331	118
332	118
335	118
342	118
356	118
369	118
394	118
478	118
480	118
525	118
526	118
539	118
546	118
547	118
548	118
558	118
560	118
120	119
121	119
124	119
125	119
127	119
129	119
132	119
137	119
139	119
140	119
152	119
165	119
180	119
188	119
193	119
237	119
242	119
263	119
272	119
278	119
289	119
291	119
298	119
301	119
302	119
304	119
305	119
306	119
307	119
308	119
309	119
316	119
318	119
319	119
320	119
332	119
340	119
356	119
376	119
398	119
441	119
453	119
463	119
464	119
469	119
493	119
494	119
526	119
543	119
544	119
545	119
546	119
547	119
552	119
558	119
560	119
121	120
127	120
132	120
140	120
180	120
188	120
193	120
212	120
242	120
263	120
268	120
277	120
278	120
280	120
291	120
301	120
302	120
304	120
306	120
307	120
308	120
309	120
316	120
318	120
319	120
320	120
326	120
331	120
335	120
340	120
356	120
369	120
417	120
419	120
453	120
459	120
463	120
464	120
469	120
478	120
480	120
481	120
494	120
497	120
539	120
543	120
544	120
545	120
547	120
557	120
558	120
560	120
129	121
132	121
135	121
136	121
137	121
139	121
140	121
180	121
242	121
255	121
256	121
268	121
274	121
277	121
302	121
306	121
316	121
320	121
327	121
375	121
398	121
407	121
412	121
419	121
422	121
450	121
464	121
474	121
493	121
494	121
495	121
496	121
497	121
498	121
518	121
525	121
526	121
547	121
548	121
552	121
557	121
142	122
283	122
293	122
295	122
296	122
303	122
311	122
315	122
321	122
358	122
359	122
367	122
444	122
447	122
536	122
281	123
317	123
352	123
388	123
132	124
165	124
180	124
291	124
298	124
302	124
307	124
308	124
309	124
340	124
356	124
478	124
513	124
543	124
127	125
129	125
132	125
140	125
263	125
301	125
302	125
316	125
318	125
326	125
481	125
494	125
444	126
470	126
132	127
135	127
137	127
139	127
140	127
152	127
188	127
193	127
237	127
242	127
263	127
280	127
289	127
291	127
298	127
301	127
302	127
304	127
306	127
307	127
308	127
309	127
316	127
318	127
319	127
320	127
326	127
335	127
340	127
356	127
369	127
376	127
417	127
441	127
453	127
463	127
469	127
481	127
494	127
497	127
501	127
524	127
539	127
543	127
544	127
545	127
546	127
547	127
558	127
560	127
147	128
154	128
175	128
184	128
190	128
197	128
209	128
241	128
246	128
247	128
273	128
277	128
278	128
498	128
132	129
135	129
140	129
188	129
237	129
242	129
263	129
268	129
277	129
278	129
289	129
291	129
298	129
301	129
302	129
304	129
307	129
308	129
309	129
316	129
318	129
319	129
320	129
327	129
331	129
340	129
356	129
369	129
412	129
419	129
441	129
450	129
453	129
459	129
463	129
464	129
469	129
478	129
480	129
481	129
497	129
498	129
518	129
543	129
544	129
546	129
547	129
548	129
557	129
560	129
183	130
318	130
467	130
531	130
353	131
475	131
135	132
139	132
140	132
188	132
193	132
242	132
263	132
268	132
291	132
298	132
301	132
302	132
304	132
307	132
308	132
309	132
316	132
318	132
319	132
320	132
326	132
331	132
340	132
342	132
349	132
356	132
369	132
376	132
394	132
407	132
412	132
417	132
419	132
439	132
441	132
450	132
459	132
463	132
465	132
469	132
474	132
478	132
481	132
494	132
497	132
498	132
501	132
524	132
526	132
539	132
543	132
544	132
545	132
546	132
547	132
548	132
552	132
557	132
558	132
560	132
134	133
143	133
187	133
281	133
282	133
283	133
288	133
290	133
292	133
294	133
297	133
299	133
303	133
310	133
312	133
314	133
315	133
317	133
358	133
367	133
370	133
374	133
413	133
421	133
447	133
470	133
142	134
143	134
184	134
187	134
281	134
282	134
283	134
290	134
292	134
294	134
297	134
299	134
303	134
311	134
312	134
314	134
315	134
317	134
352	134
358	134
359	134
367	134
385	134
421	134
136	135
137	135
139	135
255	135
256	135
268	135
274	135
277	135
278	135
280	135
301	135
302	135
304	135
316	135
318	135
320	135
327	135
335	135
340	135
349	135
355	135
383	135
398	135
407	135
412	135
419	135
430	135
464	135
478	135
493	135
494	135
496	135
497	135
498	135
518	135
525	135
526	135
548	135
557	135
559	135
560	135
186	136
277	136
302	136
407	136
481	136
525	136
526	136
546	136
548	136
559	136
139	137
165	137
188	137
193	137
255	137
256	137
302	137
316	137
327	137
335	137
375	137
383	137
398	137
419	137
422	137
464	137
493	137
494	137
496	137
498	137
518	137
525	137
526	137
548	137
559	137
560	137
281	138
283	138
140	139
152	139
165	139
180	139
186	139
188	139
236	139
242	139
256	139
263	139
277	139
278	139
291	139
298	139
301	139
302	139
304	139
305	139
306	139
308	139
309	139
318	139
320	139
326	139
331	139
332	139
335	139
342	139
349	139
356	139
376	139
383	139
407	139
412	139
441	139
459	139
463	139
464	139
465	139
478	139
480	139
481	139
493	139
497	139
518	139
526	139
539	139
543	139
544	139
545	139
546	139
547	139
548	139
560	139
165	140
180	140
188	140
193	140
196	140
225	140
237	140
242	140
263	140
278	140
291	140
298	140
301	140
302	140
304	140
306	140
307	140
308	140
309	140
316	140
319	140
320	140
326	140
332	140
340	140
356	140
369	140
376	140
394	140
412	140
417	140
441	140
453	140
459	140
463	140
464	140
469	140
481	140
494	140
497	140
539	140
544	140
545	140
546	140
547	140
548	140
552	140
557	140
558	140
475	141
482	141
283	142
288	142
293	142
294	142
295	142
296	142
299	142
303	142
311	142
312	142
315	142
358	142
359	142
367	142
370	142
385	142
413	142
444	142
447	142
483	142
522	142
536	142
187	143
281	143
282	143
283	143
290	143
292	143
294	143
297	143
299	143
303	143
312	143
314	143
315	143
317	143
352	143
358	143
367	143
370	143
374	143
421	143
447	143
483	143
147	145
148	145
151	145
160	145
161	145
164	145
179	145
184	145
190	145
222	145
273	145
147	146
148	146
149	146
150	146
151	146
152	146
155	146
158	146
159	146
160	146
161	146
162	146
163	146
165	146
167	146
168	146
169	146
173	146
175	146
178	146
179	146
184	146
185	146
189	146
190	146
198	146
206	146
209	146
210	146
216	146
222	146
223	146
238	146
240	146
252	146
254	146
257	146
258	146
261	146
265	146
277	146
278	146
332	146
351	146
373	146
389	146
398	146
416	146
425	146
433	146
455	146
457	146
471	146
480	146
494	146
149	147
150	147
151	147
157	147
158	147
162	147
163	147
164	147
165	147
167	147
168	147
169	147
173	147
175	147
176	147
179	147
184	147
185	147
187	147
190	147
193	147
209	147
213	147
240	147
245	147
247	147
249	147
250	147
261	147
269	147
277	147
499	147
553	147
554	147
149	148
151	148
152	148
164	148
165	148
167	148
168	148
174	148
178	148
179	148
184	148
190	148
191	148
205	148
226	148
494	148
152	149
160	149
163	149
165	149
168	149
173	149
177	149
178	149
179	149
180	149
181	149
184	149
185	149
187	149
190	149
191	149
198	149
202	149
205	149
208	149
209	149
213	149
214	149
228	149
234	149
238	149
258	149
419	149
457	149
494	149
511	149
166	150
168	150
169	150
171	150
173	150
174	150
175	150
177	150
185	150
192	150
196	150
200	150
240	150
265	150
275	150
346	150
449	150
153	151
160	151
163	151
172	151
173	151
184	151
185	151
187	151
234	151
239	151
158	152
164	152
165	152
180	152
182	152
183	152
186	152
193	152
230	152
231	152
236	152
278	152
280	152
289	152
298	152
302	152
308	152
316	152
319	152
326	152
332	152
356	152
436	152
463	152
480	152
494	152
157	153
160	153
161	153
173	153
184	153
185	153
213	153
217	153
240	153
253	153
346	153
419	153
171	154
174	154
175	154
179	154
187	154
197	154
239	154
271	154
277	154
278	154
159	155
161	155
168	155
169	155
175	155
179	155
192	155
216	155
222	155
267	155
159	156
166	156
177	156
180	156
195	156
233	156
158	157
160	157
161	157
162	157
163	157
164	157
167	157
173	157
179	157
184	157
187	157
195	157
203	157
207	157
211	157
220	157
223	157
233	157
234	157
239	157
240	157
324	157
416	157
159	158
162	158
163	158
164	158
167	158
168	158
173	158
184	158
185	158
187	158
192	158
194	158
196	158
197	158
209	158
210	158
278	158
457	158
550	158
161	159
165	159
166	159
168	159
170	159
175	159
177	159
178	159
180	159
182	159
195	159
197	159
204	159
210	159
211	159
230	159
233	159
238	159
277	159
278	159
360	159
415	159
162	160
165	160
173	160
179	160
190	160
198	160
205	160
209	160
213	160
239	160
259	160
265	160
351	160
494	160
164	161
170	161
175	161
179	161
192	161
194	161
199	161
209	161
210	161
213	161
236	161
255	161
259	161
262	161
264	161
324	161
339	161
471	161
164	162
165	162
173	162
179	162
184	162
187	162
190	162
193	162
211	162
234	162
244	162
246	162
269	162
277	162
278	162
351	162
393	162
457	162
458	162
493	162
502	162
504	162
550	162
554	162
164	163
168	163
173	163
184	163
185	163
187	163
190	163
205	163
209	163
210	163
213	163
231	163
234	163
240	163
252	163
256	163
261	163
277	163
457	163
460	163
554	163
165	164
168	164
170	164
172	164
173	164
176	164
179	164
184	164
185	164
189	164
194	164
196	164
201	164
209	164
210	164
213	164
221	164
224	164
226	164
233	164
234	164
236	164
240	164
254	164
259	164
262	164
264	164
268	164
270	164
397	164
457	164
471	164
504	164
512	164
554	164
173	165
175	165
176	165
177	165
179	165
184	165
186	165
188	165
190	165
192	165
193	165
209	165
210	165
211	165
224	165
225	165
226	165
230	165
234	165
242	165
255	165
256	165
269	165
277	165
278	165
280	165
289	165
298	165
301	165
302	165
316	165
327	165
332	165
349	165
351	165
356	165
369	165
394	165
398	165
412	165
439	165
457	165
458	165
478	165
493	165
494	165
497	165
502	165
504	165
525	165
526	165
547	165
548	165
550	165
560	165
200	166
217	166
275	166
346	166
168	167
173	167
184	167
185	167
187	167
192	167
210	167
217	167
249	167
261	167
275	167
173	168
177	168
184	168
185	168
187	168
192	168
204	168
209	168
216	168
217	168
234	168
240	168
249	168
270	168
277	168
278	168
395	168
457	168
494	168
504	168
192	169
198	169
200	169
205	169
208	169
222	169
240	169
245	169
260	169
261	169
265	169
277	169
278	169
339	169
373	169
404	169
416	169
425	169
449	169
514	169
516	169
550	169
177	170
179	170
194	170
199	170
230	170
236	170
239	170
252	170
262	170
273	170
277	170
278	170
324	170
339	170
471	170
174	171
175	171
211	171
239	171
271	171
173	172
176	172
214	172
234	172
236	172
436	172
554	172
175	173
176	173
181	173
184	173
185	173
187	173
190	173
192	173
208	173
209	173
211	173
213	173
217	173
218	173
234	173
240	173
246	173
261	173
269	173
277	173
278	173
351	173
457	173
502	173
504	173
554	173
175	174
179	174
193	174
208	174
211	174
218	174
226	174
239	174
249	174
264	174
271	174
277	174
278	174
416	174
176	175
179	175
180	175
184	175
187	175
190	175
191	175
197	175
198	175
203	175
209	175
211	175
223	175
227	175
230	175
239	175
241	175
245	175
247	175
248	175
252	175
258	175
259	175
264	175
266	175
270	175
271	175
273	175
277	175
278	175
351	175
373	175
392	175
416	175
419	175
420	175
434	175
437	175
460	175
471	175
494	175
498	175
499	175
503	175
510	175
550	175
554	175
209	176
214	176
230	176
234	176
236	176
333	176
554	176
180	177
192	177
195	177
204	177
209	177
213	177
224	177
233	177
238	177
250	177
360	177
415	177
179	178
185	178
190	178
197	178
202	178
230	178
255	178
190	179
193	179
198	179
204	179
209	179
216	179
223	179
226	179
240	179
247	179
248	179
258	179
259	179
261	179
266	179
273	179
275	179
277	179
278	179
302	179
373	179
425	179
457	179
471	179
494	179
499	179
554	179
184	180
186	180
188	180
191	180
192	180
193	180
195	180
197	180
198	180
204	180
209	180
222	180
230	180
233	180
242	180
248	180
250	180
255	180
273	180
277	180
278	180
280	180
289	180
298	180
301	180
302	180
308	180
332	180
340	180
342	180
356	180
376	180
394	180
404	180
415	180
439	180
494	180
547	180
183	181
286	181
300	181
302	181
328	181
334	181
345	181
366	181
436	181
441	181
461	181
467	181
491	181
506	181
507	181
530	181
531	181
541	181
555	181
183	182
211	182
230	182
236	182
266	182
333	182
356	182
436	182
499	182
211	183
236	183
286	183
300	183
318	183
328	183
333	183
334	183
366	183
395	183
436	183
461	183
467	183
491	183
495	183
506	183
507	183
530	183
531	183
541	183
555	183
185	184
187	184
188	184
190	184
192	184
197	184
211	184
213	184
217	184
218	184
229	184
234	184
240	184
246	184
269	184
275	184
277	184
278	184
318	184
346	184
351	184
404	184
415	184
420	184
439	184
457	184
495	184
504	184
554	184
187	185
190	185
205	185
213	185
234	185
346	185
460	185
237	186
242	186
289	186
298	186
301	186
320	186
326	186
330	186
332	186
340	186
349	186
394	186
453	186
463	186
469	186
480	186
525	186
548	186
559	186
188	187
190	187
213	187
234	187
239	187
261	187
281	187
282	187
283	187
290	187
292	187
294	187
297	187
299	187
303	187
310	187
312	187
314	187
315	187
317	187
318	187
358	187
367	187
370	187
374	187
421	187
447	187
483	187
193	188
196	188
211	188
233	188
236	188
237	188
242	188
246	188
263	188
277	188
278	188
280	188
291	188
298	188
301	188
302	188
304	188
306	188
307	188
308	188
309	188
316	188
318	188
319	188
320	188
326	188
332	188
335	188
340	188
369	188
450	188
453	188
457	188
459	188
463	188
478	188
493	188
494	188
497	188
539	188
544	188
545	188
546	188
547	188
548	188
560	188
194	189
215	189
219	189
220	189
221	189
222	189
224	189
226	189
229	189
278	189
416	189
191	190
194	190
197	190
199	190
200	190
204	190
205	190
208	190
209	190
211	190
227	190
234	190
240	190
241	190
246	190
247	190
252	190
258	190
259	190
269	190
275	190
277	190
346	190
351	190
393	190
404	190
416	190
419	190
434	190
457	190
468	190
494	190
499	190
502	190
504	190
554	190
192	191
197	191
199	191
200	191
203	191
237	191
244	191
250	191
462	191
484	191
494	191
510	191
195	192
196	192
197	192
201	192
204	192
205	192
208	192
210	192
216	192
222	192
240	192
245	192
261	192
300	192
436	192
460	192
516	192
209	193
230	193
242	193
255	193
259	193
263	193
277	193
278	193
280	193
291	193
298	193
301	193
302	193
308	193
309	193
316	193
318	193
319	193
326	193
332	193
335	193
340	193
417	193
453	193
463	193
493	193
494	193
497	193
498	193
524	193
539	193
544	193
545	193
546	193
204	194
210	194
222	194
236	194
252	194
253	194
262	194
264	194
280	194
324	194
339	194
420	194
462	194
471	194
197	195
204	195
205	195
208	195
211	195
214	195
233	195
242	195
245	195
250	195
266	195
300	195
360	195
363	195
404	195
415	195
428	195
512	195
516	195
223	196
233	196
239	196
244	196
263	196
280	196
416	196
494	196
199	197
204	197
205	197
208	197
209	197
210	197
211	197
225	197
227	197
234	197
242	197
245	197
263	197
300	197
393	197
404	197
416	197
436	197
457	197
494	197
508	197
510	197
514	197
516	197
202	198
216	198
222	198
223	198
240	198
247	198
254	198
257	198
265	198
277	198
278	198
302	198
339	198
373	198
416	198
425	198
433	198
449	198
471	198
494	198
499	198
200	199
204	199
209	199
210	199
215	199
222	199
223	199
225	199
236	199
254	199
264	199
272	199
404	199
457	199
462	199
204	200
205	200
217	200
222	200
233	200
244	200
275	200
346	200
504	200
508	201
210	202
218	203
223	203
239	203
249	203
250	203
254	203
416	203
462	203
550	203
208	204
210	204
214	204
215	204
217	204
225	204
226	204
233	204
237	204
242	204
247	204
253	204
415	204
494	204
516	204
208	205
209	205
210	205
213	205
223	205
226	205
235	205
241	205
245	205
260	205
261	205
265	205
277	205
278	205
300	205
345	205
404	205
420	205
449	205
458	205
514	205
516	205
239	207
260	207
261	207
277	207
278	207
209	208
210	208
214	208
222	208
226	208
245	208
277	208
278	208
300	208
404	208
436	208
449	208
214	209
216	209
223	209
226	209
227	209
230	209
247	209
259	209
269	209
273	209
276	209
277	209
278	209
279	209
332	209
345	209
351	209
373	209
425	209
457	209
484	209
494	209
497	209
498	209
499	209
502	209
504	209
510	209
554	209
211	210
214	210
215	210
225	210
237	210
242	210
245	210
251	210
262	210
263	210
266	210
277	210
278	210
300	210
304	210
356	210
404	210
416	210
436	210
449	210
457	210
460	210
516	210
239	211
256	211
269	211
277	211
328	211
336	211
346	211
351	211
457	211
458	211
504	211
509	211
242	212
254	212
255	212
256	212
257	212
273	212
277	212
278	212
304	212
306	212
316	212
331	212
340	212
351	212
398	212
544	212
550	212
219	213
220	213
221	213
224	213
226	213
270	213
272	213
276	213
277	213
484	213
216	214
223	214
226	214
229	214
259	214
277	214
278	214
345	214
356	214
416	214
460	214
225	215
263	215
494	215
222	216
225	216
229	216
233	216
235	216
239	216
244	216
249	216
254	216
257	216
265	216
273	216
277	216
278	216
324	216
416	216
425	216
433	216
471	216
550	216
275	217
336	217
494	217
549	217
223	218
234	218
239	218
244	218
249	218
250	218
254	218
259	218
277	218
346	218
416	218
462	218
514	218
550	218
220	219
221	219
224	219
276	219
457	219
221	220
224	220
276	220
224	221
236	221
276	221
233	222
240	222
257	222
264	222
272	222
278	222
373	222
393	222
416	222
425	222
433	222
550	222
226	223
232	223
239	223
246	223
247	223
248	223
249	223
254	223
259	223
264	223
277	223
278	223
351	223
416	223
499	223
550	223
236	224
276	224
226	225
229	225
237	225
241	225
242	225
272	225
273	225
278	225
453	225
462	225
229	226
232	226
235	226
242	226
247	226
276	226
277	226
346	226
462	227
278	229
324	229
416	229
231	230
255	230
277	230
278	230
279	230
289	230
302	230
493	230
494	230
539	230
238	231
271	231
277	231
280	231
289	231
298	231
301	231
342	231
464	231
478	231
547	231
235	232
239	232
249	232
254	232
416	232
433	232
550	232
236	233
238	233
243	233
360	233
404	233
415	233
516	233
550	233
236	234
240	234
277	234
436	234
457	234
462	234
554	234
240	236
262	236
272	236
277	236
280	236
289	236
301	236
318	236
324	236
330	236
333	236
339	236
342	236
356	236
360	236
387	236
417	236
462	236
469	236
471	236
478	236
543	236
554	236
560	236
242	237
255	237
256	237
263	237
298	237
302	237
326	237
332	237
340	237
356	237
369	237
398	237
439	237
441	237
453	237
459	237
463	237
469	237
480	237
481	237
494	237
501	237
516	237
543	237
545	237
547	237
552	237
557	237
558	237
560	237
250	238
400	238
448	238
510	238
246	239
249	239
254	239
257	239
261	239
265	239
268	239
271	239
272	239
273	239
277	239
278	239
332	239
346	239
351	239
416	239
437	239
439	239
446	239
457	239
484	239
494	239
510	239
550	239
245	240
255	240
277	240
336	240
346	240
397	240
402	240
425	240
462	240
505	240
247	241
260	241
333	241
404	241
462	241
494	241
263	242
277	242
278	242
289	242
291	242
298	242
301	242
302	242
304	242
307	242
309	242
316	242
319	242
320	242
326	242
332	242
335	242
340	242
356	242
369	242
375	242
394	242
407	242
417	242
419	242
441	242
453	242
459	242
463	242
469	242
478	242
480	242
481	242
494	242
501	242
539	242
543	242
544	242
545	242
546	242
547	242
548	242
552	242
557	242
560	242
250	244
258	244
269	244
274	244
425	244
446	244
494	244
504	244
510	244
251	245
257	245
259	245
260	245
261	245
265	245
266	245
272	245
277	245
278	245
300	245
339	245
404	245
428	245
449	245
499	245
514	245
516	245
517	245
249	246
277	246
278	246
340	246
419	246
457	246
484	246
510	246
539	246
553	246
248	247
250	247
257	247
258	247
259	247
262	247
266	247
270	247
273	247
277	247
278	247
351	247
373	247
434	247
457	247
494	247
498	247
499	247
504	247
516	247
249	248
252	248
261	248
264	248
266	248
269	248
277	248
278	248
351	248
499	248
254	249
259	249
270	249
277	249
278	249
397	249
416	249
419	249
550	249
257	250
269	250
277	250
278	250
404	250
446	250
252	251
258	251
260	251
261	251
264	251
272	251
277	251
345	251
404	251
419	251
449	251
460	251
514	251
254	252
255	252
259	252
265	252
272	252
275	252
277	252
278	252
345	252
351	252
397	252
419	252
439	252
457	252
458	252
462	252
499	252
508	252
511	252
264	253
275	253
277	253
278	253
336	253
346	253
462	253
255	254
257	254
258	254
270	254
277	254
278	254
351	254
416	254
420	254
425	254
457	254
462	254
502	254
504	254
550	254
256	255
268	255
277	255
278	255
302	255
327	255
331	255
332	255
335	255
339	255
398	255
404	255
407	255
415	255
419	255
420	255
439	255
464	255
471	255
493	255
494	255
497	255
516	255
525	255
526	255
539	255
548	255
559	255
258	256
259	256
262	256
268	256
269	256
274	256
277	256
278	256
304	256
318	256
327	256
331	256
335	256
355	256
375	256
376	256
393	256
394	256
398	256
407	256
412	256
419	256
420	256
430	256
441	256
443	256
464	256
465	256
474	256
493	256
494	256
495	256
496	256
497	256
498	256
525	256
526	256
539	256
548	256
559	256
560	256
260	257
265	257
273	257
277	257
278	257
332	257
351	257
373	257
425	257
494	257
503	257
259	258
264	258
270	258
275	258
278	258
339	258
425	258
434	258
494	258
499	258
504	258
508	258
550	258
262	259
266	259
267	259
270	259
272	259
277	259
278	259
339	259
458	259
499	259
261	260
265	260
267	260
270	260
275	260
277	260
278	260
339	260
404	260
428	260
449	260
458	260
460	260
499	260
503	260
514	260
516	260
553	260
265	261
269	261
272	261
275	261
277	261
278	261
336	261
339	261
346	261
404	261
428	261
449	261
457	261
460	261
499	261
503	261
514	261
516	261
553	261
267	262
272	262
324	262
339	262
471	262
278	263
280	263
289	263
291	263
301	263
302	263
304	263
306	263
307	263
308	263
309	263
316	263
318	263
319	263
320	263
326	263
332	263
340	263
356	263
369	263
376	263
417	263
441	263
446	263
450	263
453	263
459	263
463	263
469	263
478	263
501	263
524	263
526	263
539	263
543	263
544	263
545	263
546	263
547	263
548	263
558	263
560	263
270	264
272	264
273	264
278	264
363	264
400	264
434	264
494	264
511	264
550	264
269	265
278	265
339	265
404	265
419	265
425	265
433	265
449	265
455	265
457	265
499	265
508	265
514	265
516	265
550	265
270	266
273	266
275	266
277	266
351	266
393	266
404	266
428	266
458	266
460	266
462	266
494	266
498	266
499	266
277	267
278	267
345	267
277	268
278	268
302	268
308	268
320	268
327	268
375	268
394	268
398	268
412	268
457	268
464	268
494	268
497	268
498	268
504	268
509	268
526	268
545	268
548	268
552	268
557	268
273	269
277	269
336	269
346	269
351	269
433	269
462	269
468	269
494	269
502	269
504	269
272	270
273	270
275	270
276	270
277	270
278	270
428	270
462	270
494	270
499	270
511	270
277	272
449	272
460	272
462	272
494	272
526	272
550	272
278	273
280	273
336	273
345	273
351	273
393	273
419	273
420	273
425	273
434	273
437	273
457	273
484	273
502	273
504	273
505	273
509	273
550	273
553	273
318	274
320	274
327	274
332	274
398	274
407	274
419	274
460	274
464	274
474	274
478	274
480	274
493	274
494	274
497	274
526	274
543	274
547	274
548	274
557	274
277	275
278	275
336	275
346	275
351	275
404	275
420	275
425	275
439	275
508	275
511	275
549	275
336	276
494	276
278	277
280	277
298	277
301	277
302	277
306	277
308	277
316	277
318	277
319	277
320	277
327	277
331	277
332	277
335	277
336	277
339	277
346	277
349	277
351	277
354	277
355	277
356	277
363	277
373	277
383	277
393	277
394	277
398	277
404	277
412	277
419	277
420	277
422	277
425	277
428	277
430	277
437	277
439	277
443	277
449	277
457	277
458	277
460	277
463	277
464	277
471	277
480	277
489	277
493	277
494	277
496	277
497	277
498	277
499	277
502	277
508	277
511	277
514	277
518	277
526	277
539	277
544	277
547	277
548	277
549	277
550	277
553	277
557	277
559	277
560	277
291	278
298	278
301	278
302	278
304	278
306	278
308	278
316	278
318	278
320	278
326	278
331	278
332	278
335	278
346	278
351	278
354	278
369	278
373	278
389	278
393	278
394	278
398	278
404	278
412	278
416	278
417	278
419	278
420	278
425	278
430	278
441	278
457	278
458	278
463	278
471	278
484	278
493	278
494	278
497	278
498	278
499	278
526	278
539	278
544	278
545	278
553	278
560	278
398	279
412	279
518	279
539	279
289	280
298	280
302	280
316	280
326	280
332	280
342	280
369	280
453	280
463	280
480	280
493	280
494	280
547	280
283	281
284	281
285	281
290	281
292	281
294	281
297	281
299	281
311	281
312	281
315	281
317	281
352	281
367	281
388	281
421	281
283	282
284	282
288	282
290	282
294	282
296	282
299	282
303	282
310	282
311	282
312	282
314	282
315	282
317	282
321	282
322	282
341	282
358	282
359	282
370	282
374	282
421	282
444	282
447	282
470	282
483	282
522	282
285	283
290	283
292	283
293	283
294	283
295	283
296	283
297	283
299	283
303	283
310	283
311	283
312	283
314	283
315	283
317	283
352	283
358	283
359	283
367	283
370	283
374	283
385	283
413	283
421	283
444	283
447	283
483	283
536	283
288	284
296	284
310	284
321	284
322	284
374	284
444	284
352	285
367	285
444	285
328	286
334	286
436	286
461	286
491	286
507	286
530	286
531	286
541	286
495	287
294	288
296	288
299	288
303	288
310	288
315	288
321	288
322	288
323	288
358	288
359	288
370	288
374	288
413	288
444	288
447	288
470	288
483	288
486	288
522	288
298	289
302	289
308	289
316	289
318	289
319	289
326	289
340	289
356	289
369	289
394	289
463	289
464	289
469	289
478	289
480	289
546	289
547	289
560	289
292	290
294	290
297	290
299	290
303	290
312	290
314	290
315	290
317	290
370	290
421	290
447	290
456	290
522	290
301	291
302	291
304	291
306	291
307	291
308	291
309	291
316	291
318	291
319	291
320	291
326	291
335	291
340	291
369	291
419	291
453	291
463	291
469	291
494	291
501	291
539	291
543	291
545	291
547	291
548	291
558	291
560	291
293	292
294	292
295	292
296	292
297	292
299	292
303	292
312	292
314	292
315	292
317	292
352	292
358	292
367	292
370	292
388	292
421	292
447	292
483	292
294	293
295	293
297	293
303	293
311	293
358	293
367	293
385	293
444	293
447	293
536	293
295	294
296	294
297	294
299	294
303	294
311	294
312	294
314	294
315	294
317	294
358	294
359	294
367	294
370	294
385	294
413	294
421	294
444	294
447	294
522	294
536	294
296	295
297	295
303	295
311	295
315	295
358	295
359	295
367	295
370	295
385	295
413	295
444	295
447	295
536	295
299	296
303	296
311	296
315	296
321	296
322	296
323	296
325	296
358	296
359	296
370	296
374	296
413	296
444	296
447	296
470	296
522	296
536	296
299	297
303	297
312	297
314	297
315	297
317	297
358	297
367	297
370	297
374	297
413	297
421	297
447	297
301	298
302	298
304	298
308	298
316	298
318	298
320	298
326	298
332	298
340	298
349	298
356	298
394	298
417	298
463	298
464	298
469	298
478	298
480	298
493	298
494	298
497	298
544	298
547	298
559	298
303	299
311	299
312	299
314	299
315	299
317	299
321	299
358	299
359	299
367	299
370	299
385	299
406	299
413	299
421	299
447	299
483	299
522	299
395	300
404	300
436	300
302	301
304	301
306	301
307	301
308	301
309	301
316	301
318	301
319	301
320	301
332	301
335	301
340	301
349	301
356	301
369	301
394	301
407	301
412	301
417	301
441	301
453	301
459	301
463	301
464	301
493	301
497	301
501	301
524	301
526	301
539	301
543	301
544	301
545	301
546	301
547	301
557	301
558	301
560	301
304	302
305	302
306	302
307	302
308	302
309	302
316	302
318	302
319	302
320	302
326	302
331	302
332	302
335	302
340	302
349	302
356	302
375	302
376	302
394	302
398	302
412	302
417	302
419	302
422	302
441	302
443	302
450	302
453	302
459	302
463	302
464	302
469	302
478	302
481	302
493	302
494	302
497	302
498	302
518	302
525	302
539	302
543	302
544	302
545	302
546	302
547	302
548	302
552	302
557	302
558	302
559	302
560	302
312	303
314	303
315	303
317	303
352	303
358	303
367	303
370	303
374	303
385	303
421	303
444	303
447	303
483	303
536	303
305	304
306	304
307	304
308	304
309	304
316	304
318	304
319	304
320	304
326	304
327	304
331	304
335	304
340	304
356	304
394	304
412	304
441	304
453	304
463	304
464	304
469	304
497	304
524	304
539	304
543	304
544	304
545	304
546	304
547	304
548	304
560	304
318	305
524	305
539	305
560	305
309	306
316	306
318	306
319	306
326	306
340	306
354	306
355	306
417	306
441	306
453	306
463	306
469	306
494	306
497	306
498	306
501	306
524	306
539	306
544	306
545	306
546	306
308	307
309	307
319	307
320	307
326	307
335	307
340	307
369	307
394	307
453	307
463	307
469	307
501	307
524	307
539	307
543	307
545	307
546	307
547	307
309	308
316	308
319	308
320	308
326	308
335	308
340	308
369	308
375	308
417	308
419	308
450	308
453	308
463	308
469	308
478	308
481	308
493	308
494	308
498	308
501	308
513	308
524	308
526	308
539	308
543	308
544	308
545	308
546	308
547	308
548	308
552	308
558	308
560	308
316	309
319	309
320	309
340	309
349	309
376	309
394	309
439	309
450	309
463	309
478	309
501	309
524	309
539	309
543	309
544	309
545	309
546	309
547	309
548	309
557	309
560	309
314	310
315	310
317	310
321	310
323	310
370	310
374	310
421	310
470	310
522	310
527	310
534	310
312	311
315	311
321	311
358	311
359	311
367	311
370	311
385	311
413	311
444	311
447	311
536	311
314	312
315	312
317	312
358	312
359	312
367	312
370	312
385	312
421	312
447	312
483	312
536	312
338	313
343	313
353	313
362	313
365	313
379	313
384	313
391	313
403	313
411	313
423	313
424	313
427	313
445	313
451	313
466	313
477	313
482	313
487	313
490	313
540	313
315	314
317	314
370	314
374	314
421	314
447	314
317	315
358	315
359	315
367	315
370	315
374	315
385	315
406	315
413	315
421	315
447	315
483	315
522	315
536	315
318	316
319	316
320	316
326	316
335	316
340	316
349	316
369	316
375	316
394	316
412	316
417	316
450	316
453	316
463	316
469	316
480	316
494	316
501	316
539	316
544	316
545	316
546	316
547	316
548	316
352	317
358	317
367	317
370	317
374	317
388	317
413	317
421	317
447	317
319	318
320	318
327	318
331	318
335	318
340	318
342	318
412	318
430	318
494	318
495	318
539	318
544	318
546	318
547	318
548	318
560	318
326	319
335	319
340	319
356	319
369	319
417	319
441	319
453	319
463	319
469	319
481	319
494	319
501	319
539	319
543	319
544	319
545	319
546	319
552	319
557	319
558	319
560	319
326	320
335	320
340	320
356	320
369	320
417	320
441	320
450	320
453	320
459	320
463	320
464	320
469	320
481	320
493	320
497	320
501	320
524	320
526	320
539	320
543	320
544	320
545	320
546	320
547	320
548	320
552	320
557	320
560	320
322	321
323	321
358	321
370	321
374	321
413	321
444	321
447	321
470	321
483	321
522	321
323	322
374	322
444	322
470	322
374	323
444	323
470	323
416	324
471	324
335	326
340	326
356	326
369	326
375	326
376	326
394	326
412	326
417	326
441	326
450	326
453	326
459	326
463	326
464	326
469	326
478	326
481	326
494	326
501	326
524	326
526	326
539	326
543	326
544	326
546	326
547	326
548	326
552	326
557	326
558	326
560	326
331	327
340	327
342	327
375	327
376	327
398	327
441	327
464	327
465	327
474	327
481	327
493	327
494	327
497	327
498	327
525	327
526	327
546	327
547	327
548	327
552	327
557	327
559	327
560	327
333	328
334	328
436	328
461	328
530	328
531	328
368	329
469	330
335	331
441	331
478	331
497	331
525	331
539	331
546	331
560	331
340	332
351	332
394	332
419	332
439	332
441	332
478	332
480	332
493	332
494	332
498	332
539	332
548	332
560	332
436	333
436	334
461	334
491	334
531	334
555	334
340	335
369	335
417	335
453	335
463	335
465	335
478	335
525	335
539	335
544	335
546	335
547	335
559	335
560	335
345	336
346	336
351	336
404	336
416	336
419	336
460	336
462	336
549	336
537	337
353	338
391	338
403	338
423	338
427	338
451	338
482	338
490	338
540	338
351	339
373	339
389	339
393	339
425	339
438	339
449	339
471	339
502	339
508	339
514	339
516	339
549	339
342	340
349	340
356	340
369	340
376	340
407	340
412	340
417	340
439	340
441	340
443	340
453	340
459	340
463	340
464	340
469	340
478	340
494	340
496	340
501	340
516	340
523	340
524	340
526	340
539	340
543	340
544	340
545	340
546	340
547	340
548	340
552	340
557	340
558	340
560	340
349	342
412	342
478	342
526	342
552	342
560	342
362	343
418	343
476	343
477	343
488	343
360	345
460	345
504	345
351	346
363	346
389	346
393	346
400	346
415	346
420	346
428	346
433	346
439	346
449	346
460	346
549	346
499	347
516	347
409	348
473	348
479	348
533	348
356	349
407	349
412	349
441	349
465	349
363	351
393	351
400	351
416	351
419	351
420	351
425	351
437	351
449	351
458	351
468	351
498	351
502	351
504	351
508	351
514	351
550	351
358	352
367	352
388	352
421	352
362	353
365	353
379	353
384	353
391	353
403	353
411	353
427	353
445	353
451	353
482	353
487	353
490	353
521	353
540	353
407	354
464	354
498	354
544	354
548	354
375	355
383	355
398	355
419	355
422	355
430	355
443	355
464	355
495	355
496	355
498	355
543	355
557	355
559	355
369	356
394	356
412	356
439	356
441	356
450	356
463	356
465	356
469	356
480	356
481	356
539	356
543	356
545	356
546	356
547	356
548	356
557	356
560	356
519	357
359	358
367	358
370	358
385	358
444	358
447	358
456	358
483	358
492	358
536	358
370	359
385	359
413	359
447	359
483	359
536	359
415	360
460	360
516	360
382	361
396	361
408	361
519	361
370	362
379	362
384	362
391	362
403	362
424	362
454	362
477	362
482	362
487	362
532	362
393	363
397	363
402	363
425	363
437	363
494	363
505	363
508	363
514	363
549	363
550	363
534	364
537	364
371	365
384	365
391	365
401	365
403	365
423	365
424	365
427	365
435	365
445	365
451	365
466	365
476	365
482	365
488	365
490	365
521	365
540	365
386	366
395	366
436	366
461	366
491	366
506	366
507	366
531	366
385	367
388	367
444	367
536	367
440	368
515	368
376	369
394	369
441	369
453	369
463	369
478	369
501	369
524	369
526	369
539	369
543	369
544	369
545	369
546	369
547	369
558	369
560	369
374	370
385	370
406	370
413	370
421	370
447	370
456	370
483	370
492	370
522	370
527	370
528	370
536	370
384	371
401	371
411	371
445	371
454	371
466	371
476	371
487	371
488	371
540	371
495	372
531	372
392	373
425	373
471	373
406	374
421	374
444	374
447	374
456	374
470	374
483	374
492	374
521	374
522	374
528	374
383	375
398	375
419	375
422	375
430	375
443	375
450	375
493	375
494	375
495	375
496	375
497	375
498	375
518	375
548	375
552	375
557	375
394	376
441	376
443	376
459	376
463	376
465	376
501	376
525	376
539	376
543	376
548	376
559	376
560	376
529	378
384	379
391	379
403	379
423	379
424	379
427	379
472	379
482	379
487	379
540	379
477	380
500	381
396	382
408	382
412	383
419	383
422	383
430	383
439	383
443	383
493	383
496	383
498	383
518	383
390	384
391	384
403	384
405	384
411	384
424	384
427	384
445	384
454	384
466	384
482	384
487	384
488	384
521	384
540	384
406	385
444	385
447	385
536	385
395	386
422	386
429	386
495	386
507	386
393	389
397	389
438	389
449	389
458	389
502	389
401	391
403	391
411	391
423	391
424	391
427	391
445	391
451	391
454	391
466	391
482	391
487	391
488	391
490	391
540	391
431	392
432	392
448	392
397	393
404	393
419	393
420	393
425	393
428	393
434	393
437	393
438	393
446	393
449	393
457	393
460	393
480	393
494	393
498	393
502	393
508	393
509	393
512	393
439	394
441	394
450	394
453	394
465	394
469	394
478	394
481	394
494	394
496	394
525	394
526	394
539	394
546	394
547	394
548	394
552	394
557	394
559	394
436	395
495	395
531	395
426	396
482	396
519	396
400	397
420	397
434	397
457	397
458	397
462	397
508	397
510	397
511	397
419	398
439	398
464	398
465	398
494	398
497	398
498	398
508	398
525	398
547	398
548	398
557	398
559	398
440	399
420	400
428	400
448	400
457	400
510	400
511	400
512	400
411	401
445	401
454	401
466	401
476	401
488	401
521	401
540	401
419	402
462	402
510	402
550	402
411	403
418	403
423	403
424	403
427	403
451	403
454	403
466	403
476	403
482	403
487	403
488	403
540	403
419	404
449	404
460	404
512	404
516	404
418	405
475	405
477	405
421	406
447	406
412	407
441	407
463	407
464	407
465	407
469	407
481	407
493	407
494	407
526	407
547	407
548	407
552	407
559	407
560	407
519	408
473	409
479	409
533	409
423	411
424	411
427	411
435	411
445	411
451	411
454	411
466	411
476	411
482	411
488	411
490	411
521	411
540	411
419	412
439	412
443	412
463	412
464	412
465	412
478	412
481	412
493	412
494	412
496	412
497	412
498	412
518	412
526	412
557	412
421	413
447	413
483	413
527	413
536	413
537	414
438	415
457	415
503	415
505	415
512	415
549	415
433	416
462	416
550	416
453	417
463	417
464	417
494	417
501	417
526	417
539	417
543	417
544	417
546	417
547	417
548	417
552	417
558	417
560	417
477	418
420	419
422	419
430	419
434	419
439	419
443	419
450	419
478	419
494	419
496	419
497	419
498	419
509	419
513	419
518	419
526	419
548	419
550	419
557	419
559	419
425	420
428	420
434	420
437	420
457	420
502	420
504	420
508	420
510	420
511	420
512	420
514	420
549	420
550	420
447	421
430	422
443	422
493	422
494	422
495	422
497	422
498	422
518	422
557	422
427	423
435	423
445	423
451	423
466	423
482	423
487	423
488	423
490	423
521	423
540	423
427	424
435	424
451	424
454	424
466	424
482	424
487	424
488	424
490	424
540	424
433	425
439	425
448	425
449	425
455	425
457	425
471	425
484	425
494	425
499	425
502	425
503	425
511	425
514	425
445	427
451	427
482	427
487	427
490	427
540	427
434	428
439	428
449	428
460	428
502	428
508	428
510	428
511	428
512	428
514	428
495	429
506	429
507	429
443	430
493	430
498	430
510	430
525	430
432	431
504	433
550	433
437	434
446	434
468	434
494	434
499	434
502	434
503	434
504	434
505	434
508	434
509	434
510	434
511	434
514	434
550	434
445	435
454	435
466	435
488	435
521	435
540	435
461	436
506	436
507	436
530	436
531	436
448	437
457	437
458	437
498	437
505	437
508	437
510	437
511	437
514	437
516	437
549	437
550	437
468	438
502	438
504	438
508	438
550	438
443	439
469	439
478	439
493	439
496	439
503	439
518	439
546	439
548	439
557	439
559	439
515	440
537	440
459	441
463	441
465	441
469	441
478	441
481	441
498	441
523	441
524	441
539	441
543	441
544	441
545	441
547	441
548	441
474	443
493	443
494	443
496	443
497	443
498	443
518	443
539	443
557	443
559	443
447	444
470	444
486	444
536	444
454	445
466	445
482	445
488	445
521	445
540	445
456	447
483	447
492	447
522	447
527	447
528	447
536	447
457	449
460	449
499	449
503	449
511	449
514	449
516	449
464	450
469	450
478	450
547	450
548	450
454	451
466	451
482	451
488	451
490	451
521	451
540	451
521	452
463	453
469	453
501	453
544	453
545	453
546	453
547	453
552	453
558	453
466	454
476	454
488	454
490	454
521	454
540	454
510	455
483	456
492	456
528	456
458	457
464	457
471	457
484	457
508	457
510	457
550	457
553	457
554	457
494	458
499	458
502	458
553	458
463	459
497	459
501	459
524	459
539	459
543	459
544	459
546	459
547	459
548	459
462	460
550	460
467	461
491	461
506	461
507	461
530	461
531	461
541	461
555	461
499	462
504	462
550	462
464	463
469	463
478	463
480	463
481	463
494	463
501	463
524	463
526	463
539	463
543	463
544	463
545	463
546	463
547	463
548	463
552	463
557	463
558	463
560	463
494	464
497	464
498	464
526	464
545	464
546	464
552	464
557	464
560	464
478	465
524	465
525	465
539	465
544	465
546	465
547	465
548	465
552	465
560	465
476	466
482	466
488	466
521	466
540	466
491	467
495	467
506	467
531	467
499	468
503	468
504	468
508	468
478	469
480	469
481	469
501	469
543	469
544	469
545	469
546	469
547	469
552	469
557	469
558	469
559	469
560	469
522	470
487	472
479	473
533	473
478	474
481	474
493	474
526	474
548	474
557	474
529	475
477	476
488	476
490	476
521	476
540	476
488	477
529	477
481	478
524	478
525	478
526	478
539	478
543	478
544	478
546	478
547	478
557	478
558	478
559	478
533	479
481	480
494	480
497	480
539	480
546	480
547	480
497	481
523	481
526	481
539	481
545	481
552	481
557	481
558	481
559	481
560	481
487	482
488	482
490	482
540	482
492	483
522	483
528	483
561	483
509	484
540	487
521	488
540	488
540	490
507	491
530	491
531	491
541	491
555	491
528	492
494	493
496	493
497	493
518	493
524	493
539	493
548	493
557	493
559	493
560	493
497	494
498	494
499	494
510	494
514	494
516	494
518	494
526	494
539	494
547	494
548	494
552	494
560	494
498	495
506	495
559	495
497	496
498	496
518	496
548	496
557	496
559	496
498	497
518	497
526	497
539	497
547	497
548	497
559	497
499	498
510	498
518	498
525	498
548	498
550	498
557	498
559	498
560	498
514	499
516	499
526	501
539	501
543	501
544	501
545	501
546	501
547	501
558	501
504	502
508	502
508	503
514	503
505	504
508	504
549	504
550	504
508	505
509	505
511	505
550	505
507	506
510	506
531	507
509	508
510	508
511	508
512	508
514	508
549	508
550	508
550	509
511	510
516	510
512	511
514	512
557	513
516	514
525	518
556	520
540	521
539	524
543	524
544	524
546	524
547	524
560	524
548	525
559	525
560	525
543	526
548	526
552	526
559	526
531	530
555	530
555	531
537	532
535	534
543	539
544	539
545	539
546	539
547	539
560	539
555	541
544	543
545	543
546	543
547	543
548	543
552	543
557	543
558	543
560	543
545	544
546	544
547	544
560	544
546	545
547	545
548	545
552	545
558	545
560	545
547	546
558	546
560	546
548	547
552	547
557	547
552	548
557	548
559	548
560	548
557	552
558	552
557	555
558	557